time,Central,Metropolitan,Northern,North-eastern,Southern
0.0,0.0,0.0,0.0,0.0,0.0
0.5,0.0,0.0,0.0,0.0,0.0
1.0,0.0,0.0,0.0,0.0,0.0
1.5,0.0,0.0,0.0,0.0,0.0
2.0,0.0,0.0,0.0,0.0,0.0
2.5,0.0,0.0,0.0,0.0,0.0
3.0,0.0,0.0,0.0,0.0,0.0
3.5,0.0,0.0,0.0,0.0,0.0
4.0,0.0,0.0,0.0,0.0,0.0
4.5,0.0,0.0,0.0,0.0,0.0
5.0,0.0,0.0,0.0,1.2810108286060282e-05,0.0
5.5,0.0006121375702157807,0.00041629432619450895,0.0010174158724592032,0.001431327081429992,7.906165299632316e-05
6.0,0.0023711569663865334,0.001649635317419459,0.004554715306742987,0.004916262618624026,0.0012479085549705266
6.5,0.008455084173484785,0.006857917381844598,0.008266725069553794,0.011337802123824183,0.007286011823000033
7.0,0.020722266163288015,0.019149149720285894,0.021205197272040135,0.022448924809206235,0.021220066564790217
7.5,0.03678591286289182,0.0360363112404914,0.03912756807838733,0.03864989409391671,0.037326777784894065
8.0,0.05282867065420438,0.05286005281502049,0.05651513605399351,0.057484142554412386,0.05559860411849579
8.5,0.06962653344266624,0.06884096775331512,0.07315431150492516,0.07419960117036482,0.07611556660125779
9.0,0.08560323800147074,0.08569460618709618,0.0914522419370882,0.09141572233401235,0.09197539325385647
9.5,0.10115949293719559,0.10537644431984544,0.10089575536849416,0.10671724227755411,0.10508505620058517
10.0,0.11631331334524939,0.12159119870201628,0.11257188227428057,0.1182302088499881,0.11817507310595085
10.5,0.12763183854117424,0.13096188977573905,0.11148150294945029,0.12924316583033568,0.12809969579092245
11.0,0.13536486520452362,0.13589250036266837,0.12527866495734186,0.13579422813273173,0.13648851137714788
11.5,0.14261162585003778,0.14047658272007196,0.1393779941493078,0.13842136485017656,0.14214540768927458
12.0,0.1445396158250097,0.13872101736918616,0.1516384104541677,0.1389205828491187,0.1406941937530769
12.5,0.14336481527440675,0.1373068800105029,0.1538375451279555,0.13900061422082494,0.13895241909639472
13.0,0.13831094082442422,0.13394060071201422,0.14610735647632456,0.13686213186578897,0.12893707230880522
13.5,0.13127990488937047,0.1293458971686765,0.13438697902315141,0.13043840134385032,0.1232176280667543
14.0,0.12106847549924296,0.12100596801163184,0.11454900025746119,0.11956346319508393,0.11294197123110511
14.5,0.10510516180141383,0.10880715428486347,0.07757854940082774,0.1039211634903015,0.10323899973341065
15.0,0.08951611980946052,0.09629757988437042,0.07754609899941077,0.08841610189748826,0.08860923976274088
15.5,0.07310351128365333,0.0746773129722749,0.07686653282413781,0.07327221555026515,0.07702818340258967
16.0,0.05875485302900327,0.057477925892053354,0.07138373133561642,0.05687177947247552,0.06301602785966164
16.5,0.043939175226755105,0.046186585399384465,0.05118846906660341,0.039252588974697,0.045208842451672754
17.0,0.029605617420535732,0.030394063962020514,0.031693758192613476,0.024779897499061176,0.030920048255860904
17.5,0.014973518821527502,0.014524078932063545,0.01970615562107137,0.01215773441135982,0.016603002958540742
18.0,0.004902131322263457,0.004810572025769437,0.006561092715612693,0.0038749936026932492,0.006475332001019672
18.5,0.0014212452046468873,0.0007008127531796177,0.0014502073815419382,0.0023656347921288423,0.003313904600224751
19.0,2.8778055497315796e-05,0.0,0.0006070023294387258,0.0,0.0
19.5,0.0,0.0,0.0,0.0,0.0
20.0,0.0,0.0,0.0,0.0,0.0
20.5,0.0,0.0,0.0,0.0,0.0
21.0,0.0,0.0,0.0,0.0,0.0
21.5,0.0,0.0,0.0,0.0,0.0
22.0,0.0,0.0,0.0,0.0,0.0
22.5,0.0,0.0,0.0,0.0,0.0
23.0,0.0,0.0,0.0,0.0,0.0
23.5,0.0,0.0,0.0,0.0,0.0
